0000000000000000
1000000010000000
1000000001000000
1000000000100000
1000000000010000
1000000000001000
1000000000000100
1000000000000010
1000000000000001
0100000000000001
0010000000000001
0001000000000001
0000100000000001
0000010000000001
0000001000000001
0000000100000001
0000000100000010
0000000100000100
0000000100001000
0000000100010000
0000000100100000
0000000101000000
0000000110000000
0000000110000000
0000001010000000
0000010010000000
0000100010000000
0001000010000000
0010000010000000
0100000010000000
1000000010000000
1100000010000000
1110000010000000
1111000010000000
1111100010000000
1111110010000000
1111111010000000
1111111110000000
1111111111000000
1111111111100000
1111111111110000
1111111111111000
1111111111111100
1111111111111110
1111111111111111